{
 "cells": [
  {
   "cell_type": "markdown",
   "id": "02f00341",
   "metadata": {},
   "source": [
    "# Heuristic Code"
   ]
  },
  {
   "cell_type": "code",
   "execution_count": 1,
   "id": "aad10671",
   "metadata": {},
   "outputs": [],
   "source": [
    "import numpy as np\n",
    "from lpm_methods_python import pca as find_subset\n"
   ]
  },
  {
   "cell_type": "markdown",
   "id": "suited-attitude",
   "metadata": {},
   "source": [
    "# Examples from \"Solving Large-Scale Sparse PCA to Certifiable (Near) Optimality\""
   ]
  },
  {
   "cell_type": "markdown",
   "id": "creative-executive",
   "metadata": {},
   "source": [
    "The data and optimal values of the optimization problems can be found on the github page associated to the paper \"Solving Large-Scale Sparse PCA to Certifiable (Near) Optimality\", at https://github.com/ryancorywright/ScalableSPCA.jl"
   ]
  },
  {
   "cell_type": "code",
   "execution_count": 2,
   "id": "urban-breach",
   "metadata": {},
   "outputs": [],
   "source": [
    "import time\n",
    "def max_eigenvalue(A, T):\n",
    "    return max(np.linalg.eigvalsh([[A[i,j] for i in T] for j in T]))\n",
    "# Runs the heuristic on a dataset with fixed k, and reports relevant information.\n",
    "def test(data, k, opt_val, redund=2, method = find_subset):\n",
    "    start_time = time.time()\n",
    "    T = method(data, k, redund = redund)\n",
    "    total_time = time.time() - start_time\n",
    "    print(\"Found set: \", T)\n",
    "    value = max_eigenvalue(data, T)\n",
    "    print(\"with value \",value)\n",
    "    print(\"With gap \", (opt_val - value)/opt_val)\n",
    "    print(\"in {} seconds\".format(total_time))\n",
    "    print(\"\")"
   ]
  },
  {
   "cell_type": "code",
   "execution_count": 69,
   "id": "restricted-seller",
   "metadata": {},
   "outputs": [],
   "source": [
    "def easy_heuristic(A, k, redund = None):\n",
    "    T = []\n",
    "    for t in range(k):\n",
    "        best = -100\n",
    "        best_i = -1\n",
    "        for i in range(len(A)):\n",
    "            if i in T:\n",
    "                continue\n",
    "            score = max_eigenvalue(A, T + [i])\n",
    "            if score > best:\n",
    "                best = score\n",
    "                best_i = i\n",
    "        T.append(best_i)\n",
    "    return T"
   ]
  },
  {
   "cell_type": "markdown",
   "id": "genetic-boring",
   "metadata": {},
   "source": [
    "## Wine dataset"
   ]
  },
  {
   "cell_type": "code",
   "execution_count": 5,
   "id": "shaped-request",
   "metadata": {},
   "outputs": [
    {
     "name": "stdout",
     "output_type": "stream",
     "text": [
      "Running test with Wine data and k = 5\n",
      "Found set:  [6, 5, 11, 8, 7]\n",
      "with value  3.439778719536773\n",
      "With gap  3.722514890500853e-07\n",
      "in 48.144259452819824 seconds\n",
      "\n",
      "Running test with Wine data and k = 10\n",
      "Found set:  [6, 5, 11, 8, 10, 7, 12, 1, 3, 0]\n",
      "with value  4.59429342595467\n",
      "With gap  -7.456983930438847e-07\n",
      "in 190.97714018821716 seconds\n",
      "\n"
     ]
    }
   ],
   "source": [
    "# This dataset was taken directly from ScalableSPCA.jl\n",
    "normwine=[[1.0       ,  0.0943969 ,  0.211545   , -0.310235  ,  0.270798  ,  0.289101 ,   0.236815 , -0.155929 ,  0.136698    , 0.546364   ,-0.0717472 ,  0.0723432 ,   0.64372   ],\n",
    "[0.0943969 ,  1.0       ,  0.164045   ,  0.2885    , -0.0545751 , -0.335167 ,  -0.411007 ,  0.292977 , -0.220746    , 0.248985   ,-0.561296  , -0.36871   ,  -0.192011  ],\n",
    "[0.211545  ,  0.164045  ,  1.0        ,  0.443367  ,  0.286587  ,  0.12898  ,   0.115077 ,  0.18623  ,  0.00965194  , 0.258887   ,-0.0746669 ,  0.00391123,   0.223626  ],\n",
    "[-0.310235 ,   0.2885   ,   0.443367  ,   1.0      ,  -0.0833331,  -0.321113,   -0.35137 ,   0.361922,  -0.197327   ,  0.018732  , -0.273955 ,  -0.276769 ,   -0.440597 ],\n",
    "[0.270798  , -0.0545751 ,  0.286587   , -0.0833331 ,  1.0       ,  0.214401 ,   0.195784 , -0.256294 ,  0.236441    , 0.19995    , 0.0553982 ,  0.0660039 ,   0.393351  ],\n",
    "[0.289101  , -0.335167  ,  0.12898    , -0.321113  ,  0.214401  ,  1.0      ,   0.864564 , -0.449935 ,  0.612413    ,-0.0551364  , 0.433681  ,  0.699949  ,   0.498115  ],\n",
    "[0.236815  , -0.411007  ,  0.115077   , -0.35137   ,  0.195784  ,  0.864564 ,   1.0      , -0.5379   ,  0.652692    ,-0.172379   , 0.543479  ,  0.787194  ,   0.494193  ],\n",
    "[-0.155929 ,   0.292977 ,   0.18623   ,   0.361922 ,  -0.256294 ,  -0.449935,   -0.5379  ,   1.0     ,  -0.365845   ,  0.139057  , -0.26264  ,  -0.50327  ,   -0.311385 ],\n",
    "[0.136698  , -0.220746  ,  0.00965194 , -0.197327  ,  0.236441  ,  0.612413 ,   0.652692 , -0.365845 ,  1.0         ,-0.0252499  , 0.295544  ,  0.519067  ,   0.330417  ],\n",
    "[0.546364  ,  0.248985  ,  0.258887   ,  0.018732  ,  0.19995   , -0.0551364,  -0.172379 ,  0.139057 , -0.0252499   , 1.0        ,-0.521813  , -0.428815  ,   0.3161    ],\n",
    "[-0.0717472,  -0.561296 ,  -0.0746669 ,  -0.273955 ,   0.0553982,   0.433681,    0.543479,  -0.26264 ,   0.295544   , -0.521813  ,  1.0      ,   0.565468 ,    0.236183 ],\n",
    "[0.0723432 , -0.36871   ,  0.00391123 , -0.276769  ,  0.0660039 ,  0.699949 ,   0.787194 , -0.50327  ,  0.519067    ,-0.428815   , 0.565468  ,  1.0       ,   0.312761  ],\n",
    "[0.64372   , -0.192011  ,  0.223626   , -0.440597  ,  0.393351  ,  0.498115 ,   0.494193 , -0.311385 ,  0.330417    , 0.3161     , 0.236183  ,  0.312761  ,   1.0]]\n",
    "normwine=np.array(normwine)\n",
    "print(\"Running test with Wine data and k = 5\")\n",
    "test(normwine, 5, 3.43978)\n",
    "print(\"Running test with Wine data and k = 10\")\n",
    "test(normwine, 10, 4.59429)"
   ]
  },
  {
   "cell_type": "code",
   "execution_count": 74,
   "id": "signed-thomson",
   "metadata": {},
   "outputs": [
    {
     "name": "stdout",
     "output_type": "stream",
     "text": [
      "Running control with Wine data and k = 5\n",
      "Found set:  [0, 12, 9, 4, 5]\n",
      "with value  2.4083398570127583\n",
      "With gap  0.2998564277329485\n",
      "in 0.0031309127807617188 seconds\n",
      "\n",
      "Running control with Wine data and k = 10\n",
      "Found set:  [0, 12, 9, 4, 5, 6, 11, 8, 7, 10]\n",
      "with value  4.2555610653666704\n",
      "With gap  0.07372824411026067\n",
      "in 0.009728431701660156 seconds\n",
      "\n"
     ]
    }
   ],
   "source": [
    "print(\"Running control with Wine data and k = 5\")\n",
    "test(normwine, 5, 3.43978, method=easy_heuristic)\n",
    "print(\"Running control with Wine data and k = 10\")\n",
    "test(normwine, 10, 4.59429, method=easy_heuristic)"
   ]
  },
  {
   "cell_type": "markdown",
   "id": "composite-bolivia",
   "metadata": {},
   "source": [
    "## Pitprops dataset"
   ]
  },
  {
   "cell_type": "code",
   "execution_count": 42,
   "id": "simplified-paragraph",
   "metadata": {},
   "outputs": [
    {
     "name": "stdout",
     "output_type": "stream",
     "text": [
      "Running test with Pitprops data and k = 5\n",
      "0.9999999999999999\n",
      "Found set:  [1, 0, 8, 9, 6]\n",
      "with value  3.406154946789761\n",
      "With gap  -4.5492304686148996e-05\n",
      "in 0.24170374870300293 seconds\n",
      "Running test with Pitprops data and k = 10\n",
      "0.9999999999999999\n",
      "Found set:  [1, 0, 6, 9, 8, 7, 5, 3, 2, 11]\n",
      "with value  4.172637661588199\n",
      "With gap  8.682923838983411e-05\n",
      "in 1.2246873378753662 seconds\n"
     ]
    }
   ],
   "source": [
    "# This dataset was taken directly from ScalableSPCA.jl\n",
    "pitprops=[[1,0.954,0.364,0.342,-0.129,0.313,0.496,0.424,0.592,0.545,0.084,-0.019,0.134],\n",
    "       [0.954,1,0.297,0.284,-0.118,0.291,0.503,0.419,0.648,0.569,0.076,-0.036,0.144],\n",
    "       [0.364,0.297,1,0.882,-0.148,0.153,-0.029,-0.054,0.125,-0.081,0.162,0.22,0.126],\n",
    "       [0.342,0.284,0.882,1,0.22,0.381,0.174,-0.059,0.137,-0.014,0.097,0.169,0.015],\n",
    "       [-0.129,-0.118,-0.148,0.22,1,0.364,0.296,0.004,-0.039,0.037,-0.091,-0.145,-0.208],\n",
    "       [0.313,0.291,0.153,0.381,0.364,1,0.813,0.09,0.211,0.274,-0.036,0.024,-0.329],\n",
    "       [0.496,0.503,-0.029,0.174,0.296,0.813,1,0.372,0.465,0.679,-0.113,-0.232,-0.424],\n",
    "       [0.424,0.419,-0.054,-0.059,0.004,0.09,0.372,1,0.482,0.557,0.061,-0.357,-0.202],\n",
    "       [0.592,0.648,0.125,0.137,-0.039,0.211,0.465,0.482,1,0.526,0.085,-0.127,-0.076],\n",
    "       [0.545,0.569,-0.081,-0.014,0.037,0.274,0.679,0.557,0.526,1,-0.319,-0.368,-0.291],\n",
    "       [0.084,0.076,0.162,0.097,-0.091,-0.036,-0.113,0.061,0.085,-0.319,1,0.029,0.007],\n",
    "       [-0.019,-0.036,0.22,0.169,-0.145,0.024,-0.232,-0.357,-0.127,-0.368,0.029,1,0.184],\n",
    "       [0.134,0.144,0.126,0.015,-0.208,-0.329,-0.424,-0.202,-0.076,-0.291,0.007,0.184,1]]\n",
    "pitprops=np.array(pitprops)\n",
    "print(\"Running test with Pitprops data and k = 5\")\n",
    "test(pitprops, 5, 3.406)\n",
    "print(\"Running test with Pitprops data and k = 10\")\n",
    "test(pitprops, 10, 4.173)"
   ]
  },
  {
   "cell_type": "code",
   "execution_count": 75,
   "id": "australian-credit",
   "metadata": {},
   "outputs": [
    {
     "name": "stdout",
     "output_type": "stream",
     "text": [
      "Running test with Pitprops data and k = 5\n",
      "Found set:  [0, 1, 8, 9, 6]\n",
      "with value  3.406154946789761\n",
      "With gap  -4.5492304686148996e-05\n",
      "in 0.0031507015228271484 seconds\n",
      "\n",
      "Running test with Pitprops data and k = 10\n",
      "Found set:  [0, 1, 8, 9, 6, 7, 5, 3, 2, 11]\n",
      "with value  4.172637661588203\n",
      "With gap  8.682923838898275e-05\n",
      "in 0.015695810317993164 seconds\n",
      "\n"
     ]
    }
   ],
   "source": [
    "print(\"Running test with Pitprops data and k = 5\")\n",
    "test(pitprops, 5, 3.406, method=easy_heuristic)\n",
    "print(\"Running test with Pitprops data and k = 10\")\n",
    "test(pitprops, 10, 4.173, method=easy_heuristic)"
   ]
  },
  {
   "cell_type": "markdown",
   "id": "combined-lesbian",
   "metadata": {},
   "source": [
    "## MiniBooNE dataset"
   ]
  },
  {
   "cell_type": "code",
   "execution_count": 6,
   "id": "married-mount",
   "metadata": {},
   "outputs": [
    {
     "name": "stdout",
     "output_type": "stream",
     "text": [
      "Running test with MiniBooNE data and k = 5\n",
      "Found set:  [14, 16, 38, 7, 5]\n",
      "with value  4.9998734705325365\n",
      "With gap  2.5305893492699738e-05\n",
      "in 29087.641620874405 seconds\n",
      "\n",
      "Running test with MiniBooNE data and k = 10\n"
     ]
    },
    {
     "ename": "KeyboardInterrupt",
     "evalue": "",
     "output_type": "error",
     "traceback": [
      "\u001b[0;31m---------------------------------------------------------------------------\u001b[0m",
      "\u001b[0;31mKeyboardInterrupt\u001b[0m                         Traceback (most recent call last)",
      "Input \u001b[0;32mIn [6]\u001b[0m, in \u001b[0;36m<cell line: 7>\u001b[0;34m()\u001b[0m\n\u001b[1;32m      5\u001b[0m test(miniboone, \u001b[38;5;241m5\u001b[39m, \u001b[38;5;241m5.0000\u001b[39m)\n\u001b[1;32m      6\u001b[0m \u001b[38;5;28mprint\u001b[39m(\u001b[38;5;124m\"\u001b[39m\u001b[38;5;124mRunning test with MiniBooNE data and k = 10\u001b[39m\u001b[38;5;124m\"\u001b[39m)\n\u001b[0;32m----> 7\u001b[0m \u001b[43mtest\u001b[49m\u001b[43m(\u001b[49m\u001b[43mminiboone\u001b[49m\u001b[43m,\u001b[49m\u001b[43m \u001b[49m\u001b[38;5;241;43m10\u001b[39;49m\u001b[43m,\u001b[49m\u001b[43m \u001b[49m\u001b[38;5;241;43m9.9999999\u001b[39;49m\u001b[43m)\u001b[49m\n",
      "Input \u001b[0;32mIn [2]\u001b[0m, in \u001b[0;36mtest\u001b[0;34m(data, k, opt_val, redund, method)\u001b[0m\n\u001b[1;32m      5\u001b[0m \u001b[38;5;28;01mdef\u001b[39;00m \u001b[38;5;21mtest\u001b[39m(data, k, opt_val, redund\u001b[38;5;241m=\u001b[39m\u001b[38;5;241m2\u001b[39m, method \u001b[38;5;241m=\u001b[39m find_subset):\n\u001b[1;32m      6\u001b[0m     start_time \u001b[38;5;241m=\u001b[39m time\u001b[38;5;241m.\u001b[39mtime()\n\u001b[0;32m----> 7\u001b[0m     T \u001b[38;5;241m=\u001b[39m \u001b[43mmethod\u001b[49m\u001b[43m(\u001b[49m\u001b[43mdata\u001b[49m\u001b[43m,\u001b[49m\u001b[43m \u001b[49m\u001b[43mk\u001b[49m\u001b[43m,\u001b[49m\u001b[43m \u001b[49m\u001b[43mredund\u001b[49m\u001b[43m \u001b[49m\u001b[38;5;241;43m=\u001b[39;49m\u001b[43m \u001b[49m\u001b[43mredund\u001b[49m\u001b[43m)\u001b[49m\n\u001b[1;32m      8\u001b[0m     total_time \u001b[38;5;241m=\u001b[39m time\u001b[38;5;241m.\u001b[39mtime() \u001b[38;5;241m-\u001b[39m start_time\n\u001b[1;32m      9\u001b[0m     \u001b[38;5;28mprint\u001b[39m(\u001b[38;5;124m\"\u001b[39m\u001b[38;5;124mFound set: \u001b[39m\u001b[38;5;124m\"\u001b[39m, T)\n",
      "File \u001b[0;32m~/research/sparse_qcqp_code/lpm_methods/pca.py:56\u001b[0m, in \u001b[0;36mpca\u001b[0;34m(A, k, redund)\u001b[0m\n\u001b[1;32m     54\u001b[0m \u001b[38;5;28;01mfor\u001b[39;00m j \u001b[38;5;129;01min\u001b[39;00m \u001b[38;5;28mrange\u001b[39m(t, n):\n\u001b[1;32m     55\u001b[0m     swap(X, t, j)\n\u001b[0;32m---> 56\u001b[0m     heur \u001b[38;5;241m=\u001b[39m \u001b[43mroot_heur\u001b[49m\u001b[43m(\u001b[49m\u001b[43mX\u001b[49m\u001b[43m,\u001b[49m\u001b[43m \u001b[49m\u001b[43mt\u001b[49m\u001b[43m,\u001b[49m\u001b[43m \u001b[49m\u001b[43mk\u001b[49m\u001b[43m,\u001b[49m\u001b[43m \u001b[49m\u001b[43mredund\u001b[49m\u001b[43m \u001b[49m\u001b[38;5;241;43m=\u001b[39;49m\u001b[43m \u001b[49m\u001b[43mredund\u001b[49m\u001b[43m)\u001b[49m\n\u001b[1;32m     58\u001b[0m     \u001b[38;5;28;01mif\u001b[39;00m heur \u001b[38;5;241m>\u001b[39m best_heur:\n\u001b[1;32m     59\u001b[0m         best \u001b[38;5;241m=\u001b[39m j\n",
      "File \u001b[0;32m~/research/sparse_qcqp_code/lpm_methods/pca.py:32\u001b[0m, in \u001b[0;36mroot_heur\u001b[0;34m(X, t, k, redund, D)\u001b[0m\n\u001b[1;32m     30\u001b[0m xs \u001b[38;5;241m=\u001b[39m [\u001b[38;5;241m0.25\u001b[39m\u001b[38;5;241m*\u001b[39mnp\u001b[38;5;241m.\u001b[39mcos((\u001b[38;5;241m2\u001b[39m\u001b[38;5;241m*\u001b[39mi\u001b[38;5;241m-\u001b[39m\u001b[38;5;241m1\u001b[39m)\u001b[38;5;241m/\u001b[39m(\u001b[38;5;241m2\u001b[39m\u001b[38;5;241m*\u001b[39mnpts) \u001b[38;5;241m*\u001b[39m np\u001b[38;5;241m.\u001b[39mpi) \u001b[38;5;241m+\u001b[39m \u001b[38;5;241m0.75\u001b[39m \u001b[38;5;28;01mfor\u001b[39;00m i \u001b[38;5;129;01min\u001b[39;00m \u001b[38;5;28mrange\u001b[39m(npts)]\n\u001b[1;32m     31\u001b[0m \u001b[38;5;66;03m# Evaluate p(X + t I) in k places\u001b[39;00m\n\u001b[0;32m---> 32\u001b[0m vals \u001b[38;5;241m=\u001b[39m [conditional_char(x\u001b[38;5;241m*\u001b[39mnp\u001b[38;5;241m.\u001b[39meye(\u001b[38;5;28mlen\u001b[39m(X)) \u001b[38;5;241m-\u001b[39m X, t\u001b[38;5;241m+\u001b[39m\u001b[38;5;241m1\u001b[39m, k) \u001b[38;5;28;01mfor\u001b[39;00m x \u001b[38;5;129;01min\u001b[39;00m xs]\n\u001b[1;32m     33\u001b[0m \u001b[38;5;66;03m# Find the coefficients of p(X+tI)\u001b[39;00m\n\u001b[1;32m     34\u001b[0m p \u001b[38;5;241m=\u001b[39m np\u001b[38;5;241m.\u001b[39mpolyfit(xs, vals, k)\n",
      "File \u001b[0;32m~/research/sparse_qcqp_code/lpm_methods/pca.py:32\u001b[0m, in \u001b[0;36m<listcomp>\u001b[0;34m(.0)\u001b[0m\n\u001b[1;32m     30\u001b[0m xs \u001b[38;5;241m=\u001b[39m [\u001b[38;5;241m0.25\u001b[39m\u001b[38;5;241m*\u001b[39mnp\u001b[38;5;241m.\u001b[39mcos((\u001b[38;5;241m2\u001b[39m\u001b[38;5;241m*\u001b[39mi\u001b[38;5;241m-\u001b[39m\u001b[38;5;241m1\u001b[39m)\u001b[38;5;241m/\u001b[39m(\u001b[38;5;241m2\u001b[39m\u001b[38;5;241m*\u001b[39mnpts) \u001b[38;5;241m*\u001b[39m np\u001b[38;5;241m.\u001b[39mpi) \u001b[38;5;241m+\u001b[39m \u001b[38;5;241m0.75\u001b[39m \u001b[38;5;28;01mfor\u001b[39;00m i \u001b[38;5;129;01min\u001b[39;00m \u001b[38;5;28mrange\u001b[39m(npts)]\n\u001b[1;32m     31\u001b[0m \u001b[38;5;66;03m# Evaluate p(X + t I) in k places\u001b[39;00m\n\u001b[0;32m---> 32\u001b[0m vals \u001b[38;5;241m=\u001b[39m [\u001b[43mconditional_char\u001b[49m\u001b[43m(\u001b[49m\u001b[43mx\u001b[49m\u001b[38;5;241;43m*\u001b[39;49m\u001b[43mnp\u001b[49m\u001b[38;5;241;43m.\u001b[39;49m\u001b[43meye\u001b[49m\u001b[43m(\u001b[49m\u001b[38;5;28;43mlen\u001b[39;49m\u001b[43m(\u001b[49m\u001b[43mX\u001b[49m\u001b[43m)\u001b[49m\u001b[43m)\u001b[49m\u001b[43m \u001b[49m\u001b[38;5;241;43m-\u001b[39;49m\u001b[43m \u001b[49m\u001b[43mX\u001b[49m\u001b[43m,\u001b[49m\u001b[43m \u001b[49m\u001b[43mt\u001b[49m\u001b[38;5;241;43m+\u001b[39;49m\u001b[38;5;241;43m1\u001b[39;49m\u001b[43m,\u001b[49m\u001b[43m \u001b[49m\u001b[43mk\u001b[49m\u001b[43m)\u001b[49m \u001b[38;5;28;01mfor\u001b[39;00m x \u001b[38;5;129;01min\u001b[39;00m xs]\n\u001b[1;32m     33\u001b[0m \u001b[38;5;66;03m# Find the coefficients of p(X+tI)\u001b[39;00m\n\u001b[1;32m     34\u001b[0m p \u001b[38;5;241m=\u001b[39m np\u001b[38;5;241m.\u001b[39mpolyfit(xs, vals, k)\n",
      "File \u001b[0;32m~/research/sparse_qcqp_code/lpm_methods/char_poly.py:40\u001b[0m, in \u001b[0;36mconditional_char\u001b[0;34m(X, t, k)\u001b[0m\n\u001b[1;32m     38\u001b[0m \u001b[38;5;28;01mdef\u001b[39;00m \u001b[38;5;21mconditional_char\u001b[39m(X, t, k):\n\u001b[1;32m     39\u001b[0m     schur \u001b[38;5;241m=\u001b[39m X[t:, t:] \u001b[38;5;241m-\u001b[39m X[t:, :t] \u001b[38;5;241m@\u001b[39m np\u001b[38;5;241m.\u001b[39mlinalg\u001b[38;5;241m.\u001b[39minv(X[:t, :t]) \u001b[38;5;241m@\u001b[39m X[:t, t:]\n\u001b[0;32m---> 40\u001b[0m     \u001b[38;5;28;01mreturn\u001b[39;00m np\u001b[38;5;241m.\u001b[39mlinalg\u001b[38;5;241m.\u001b[39mdet(X[:t, :t]) \u001b[38;5;241m*\u001b[39m \u001b[43mchar_coeff\u001b[49m\u001b[43m(\u001b[49m\u001b[43mschur\u001b[49m\u001b[43m,\u001b[49m\u001b[43m \u001b[49m\u001b[43mk\u001b[49m\u001b[38;5;241;43m-\u001b[39;49m\u001b[43mt\u001b[49m\u001b[43m)\u001b[49m\n",
      "File \u001b[0;32m~/research/sparse_qcqp_code/lpm_methods/char_poly.py:25\u001b[0m, in \u001b[0;36mchar_coeff\u001b[0;34m(X, k)\u001b[0m\n\u001b[1;32m     24\u001b[0m \u001b[38;5;28;01mdef\u001b[39;00m \u001b[38;5;21mchar_coeff\u001b[39m(X,k):\n\u001b[0;32m---> 25\u001b[0m     \u001b[38;5;28;01mreturn\u001b[39;00m \u001b[43mchar_coeff_eigen\u001b[49m\u001b[43m(\u001b[49m\u001b[43mX\u001b[49m\u001b[43m,\u001b[49m\u001b[43mk\u001b[49m\u001b[43m)\u001b[49m\n",
      "File \u001b[0;32m~/research/sparse_qcqp_code/lpm_methods/char_poly.py:22\u001b[0m, in \u001b[0;36mchar_coeff_eigen\u001b[0;34m(X, k)\u001b[0m\n\u001b[1;32m     21\u001b[0m \u001b[38;5;28;01mdef\u001b[39;00m \u001b[38;5;21mchar_coeff_eigen\u001b[39m(X, k):\n\u001b[0;32m---> 22\u001b[0m     \u001b[38;5;28;01mreturn\u001b[39;00m esp(\u001b[43mnp\u001b[49m\u001b[38;5;241;43m.\u001b[39;49m\u001b[43mlinalg\u001b[49m\u001b[38;5;241;43m.\u001b[39;49m\u001b[43meigvalsh\u001b[49m\u001b[43m(\u001b[49m\u001b[43mX\u001b[49m\u001b[43m)\u001b[49m, k)\n",
      "File \u001b[0;32m<__array_function__ internals>:180\u001b[0m, in \u001b[0;36meigvalsh\u001b[0;34m(*args, **kwargs)\u001b[0m\n",
      "File \u001b[0;32m/usr/lib/python3.10/site-packages/numpy/linalg/linalg.py:1170\u001b[0m, in \u001b[0;36meigvalsh\u001b[0;34m(a, UPLO)\u001b[0m\n\u001b[1;32m   1168\u001b[0m t, result_t \u001b[38;5;241m=\u001b[39m _commonType(a)\n\u001b[1;32m   1169\u001b[0m signature \u001b[38;5;241m=\u001b[39m \u001b[38;5;124m'\u001b[39m\u001b[38;5;124mD->d\u001b[39m\u001b[38;5;124m'\u001b[39m \u001b[38;5;28;01mif\u001b[39;00m isComplexType(t) \u001b[38;5;28;01melse\u001b[39;00m \u001b[38;5;124m'\u001b[39m\u001b[38;5;124md->d\u001b[39m\u001b[38;5;124m'\u001b[39m\n\u001b[0;32m-> 1170\u001b[0m w \u001b[38;5;241m=\u001b[39m \u001b[43mgufunc\u001b[49m\u001b[43m(\u001b[49m\u001b[43ma\u001b[49m\u001b[43m,\u001b[49m\u001b[43m \u001b[49m\u001b[43msignature\u001b[49m\u001b[38;5;241;43m=\u001b[39;49m\u001b[43msignature\u001b[49m\u001b[43m,\u001b[49m\u001b[43m \u001b[49m\u001b[43mextobj\u001b[49m\u001b[38;5;241;43m=\u001b[39;49m\u001b[43mextobj\u001b[49m\u001b[43m)\u001b[49m\n\u001b[1;32m   1171\u001b[0m \u001b[38;5;28;01mreturn\u001b[39;00m w\u001b[38;5;241m.\u001b[39mastype(_realType(result_t), copy\u001b[38;5;241m=\u001b[39m\u001b[38;5;28;01mFalse\u001b[39;00m)\n",
      "\u001b[0;31mKeyboardInterrupt\u001b[0m: "
     ]
    }
   ],
   "source": [
    "import h5py\n",
    "f = h5py.File(\"data/miniBoone.jld\", \"r\")\n",
    "miniboone = np.array(f['normMiniBooNE'])\n",
    "print(\"Running test with MiniBooNE data and k = 5\")\n",
    "test(miniboone, 5, 5.0000)\n",
    "print(\"Running test with MiniBooNE data and k = 10\")\n",
    "test(miniboone, 10, 9.9999999)"
   ]
  },
  {
   "cell_type": "code",
   "execution_count": 141,
   "id": "resident-judges",
   "metadata": {},
   "outputs": [
    {
     "data": {
      "text/plain": [
       "(50, 50)"
      ]
     },
     "execution_count": 141,
     "metadata": {},
     "output_type": "execute_result"
    }
   ],
   "source": [
    "miniboone.shape"
   ]
  },
  {
   "cell_type": "code",
   "execution_count": 76,
   "id": "stuck-convertible",
   "metadata": {},
   "outputs": [
    {
     "name": "stdout",
     "output_type": "stream",
     "text": [
      "Running control with MiniBooNE data and k = 5\n",
      "Found set:  [0, 27, 8, 45, 3]\n",
      "with value  4.9997141848049536\n",
      "With gap  5.716303900928921e-05\n",
      "in 0.00829005241394043 seconds\n",
      "\n",
      "Running control with MiniBooNE data and k = 10\n",
      "Found set:  [0, 27, 8, 45, 3, 44, 39, 28, 4, 18]\n",
      "with value  9.999651361951768\n",
      "With gap  3.485380517178079e-05\n",
      "in 0.043898582458496094 seconds\n",
      "\n"
     ]
    }
   ],
   "source": [
    "print(\"Running control with MiniBooNE data and k = 5\")\n",
    "test(miniboone, 5, 5.0000, method=easy_heuristic)\n",
    "print(\"Running control with MiniBooNE data and k = 10\")\n",
    "test(miniboone, 10, 9.9999999, method=easy_heuristic)"
   ]
  },
  {
   "cell_type": "markdown",
   "id": "decent-insurance",
   "metadata": {},
   "source": [
    "## Communities dataset"
   ]
  },
  {
   "cell_type": "code",
   "execution_count": 142,
   "id": "parliamentary-tamil",
   "metadata": {},
   "outputs": [
    {
     "name": "stdout",
     "output_type": "stream",
     "text": [
      "Running test with Communities data and k = 5\n",
      "Found set:  [19, 12, 20, 21, 84]\n",
      "with value  4.510362131817622\n",
      "With gap  0.07203932677483996\n",
      "in 12.135841369628906 seconds\n",
      "\n",
      "Running test with Communities data and k = 10\n",
      "Found set:  [12, 19, 20, 21, 84, 83, 85, 82, 79, 80]\n",
      "with value  8.710459769953587\n",
      "With gap  0.01282245682560559\n",
      "in 720.5305912494659 seconds\n",
      "\n"
     ]
    }
   ],
   "source": [
    "import h5py\n",
    "f = h5py.File(\"data/communities.jld\", \"r\")\n",
    "communities = np.array(f['normCommunities'])\n",
    "print(\"Running test with Communities data and k = 5\")\n",
    "test(communities, 5, 4.86051)\n",
    "print(\"Running test with Communities data and k = 10\")\n",
    "test(communities, 10, 8.8236, redund = 30)"
   ]
  },
  {
   "cell_type": "code",
   "execution_count": 77,
   "id": "qualified-center",
   "metadata": {},
   "outputs": [
    {
     "name": "stdout",
     "output_type": "stream",
     "text": [
      "Running control with Communities data and k = 5\n",
      "Found set:  [0, 10, 27, 49, 71]\n",
      "with value  4.62910997419597\n",
      "With gap  0.04760817811382548\n",
      "in 0.0324246883392334 seconds\n",
      "\n",
      "Running control with Communities data and k = 10\n",
      "Found set:  [0, 10, 27, 49, 71, 89, 51, 90, 96, 99]\n",
      "with value  7.186827179044622\n",
      "With gap  0.18549943571279057\n",
      "in 0.08469438552856445 seconds\n",
      "\n"
     ]
    }
   ],
   "source": [
    "print(\"Running control with Communities data and k = 5\")\n",
    "test(communities, 5, 4.86051, method=easy_heuristic)\n",
    "print(\"Running control with Communities data and k = 10\")\n",
    "test(communities, 10, 8.8236, redund = 10, method=easy_heuristic)"
   ]
  },
  {
   "cell_type": "markdown",
   "id": "double-zoning",
   "metadata": {},
   "source": [
    "## Arrythmia dataset"
   ]
  },
  {
   "cell_type": "code",
   "execution_count": 139,
   "id": "expensive-slovakia",
   "metadata": {},
   "outputs": [
    {
     "name": "stdout",
     "output_type": "stream",
     "text": [
      "Running test with Arrythmia data and k = 5\n",
      "Found set:  [212, 182, 202, 183, 213]\n",
      "with value  4.181882024673721\n",
      "With gap  0.011865970871737259\n",
      "in 173.6758096218109 seconds\n",
      "\n"
     ]
    }
   ],
   "source": [
    "import h5py\n",
    "f = h5py.File(\"data/arrhythmia.jld\", \"r\")\n",
    "arrythmia = np.array(f['normArrhythmia'])\n",
    "for i in range(len(arrythmia)):\n",
    "    for j in range(len(arrythmia[0])):\n",
    "        if np.isnan(arrythmia[i,j]):\n",
    "            arrythmia[i,j] = 0\n",
    "print(\"Running test with Arrythmia data and k = 5\")\n",
    "test(arrythmia, 5, 4.2321)"
   ]
  },
  {
   "cell_type": "code",
   "execution_count": 140,
   "id": "municipal-advertiser",
   "metadata": {},
   "outputs": [
    {
     "name": "stdout",
     "output_type": "stream",
     "text": [
      "Running test with Arrythmia data and k = 10\n",
      "failed\n",
      "failed\n",
      "failed\n",
      "failed\n"
     ]
    },
    {
     "name": "stderr",
     "output_type": "stream",
     "text": [
      "<ipython-input-138-f04f9b6b99e5>:33: RuntimeWarning: divide by zero encountered in double_scalars\n",
      "  x -= np.polyval(p, x) / np.polyval(dpdx, x)\n",
      "/usr/lib/python3/dist-packages/numpy/lib/polynomial.py:734: RuntimeWarning: invalid value encountered in multiply\n",
      "  y = y * x + p[i]\n"
     ]
    },
    {
     "name": "stdout",
     "output_type": "stream",
     "text": [
      "failed\n",
      "failed\n",
      "failed\n",
      "failed\n",
      "failed\n",
      "failed\n",
      "failed\n",
      "failed\n",
      "failed\n",
      "failed\n",
      "failed\n",
      "failed\n",
      "failed\n",
      "failed\n",
      "failed\n",
      "failed\n",
      "failed\n",
      "failed\n",
      "failed\n",
      "failed\n",
      "failed\n",
      "failed\n",
      "failed\n",
      "failed\n",
      "failed\n",
      "failed\n",
      "failed\n",
      "failed\n",
      "failed\n",
      "failed\n",
      "failed\n",
      "failed\n",
      "failed\n",
      "failed\n",
      "failed\n",
      "failed\n",
      "failed\n",
      "failed\n",
      "failed\n",
      "failed\n",
      "failed\n",
      "failed\n",
      "failed\n",
      "failed\n",
      "failed\n",
      "failed\n",
      "failed\n",
      "failed\n",
      "failed\n",
      "failed\n",
      "failed\n",
      "failed\n",
      "failed\n",
      "failed\n",
      "failed\n",
      "failed\n",
      "failed\n",
      "failed\n",
      "failed\n",
      "failed\n",
      "failed\n",
      "failed\n",
      "failed\n",
      "failed\n",
      "failed\n",
      "failed\n",
      "failed\n",
      "failed\n",
      "failed\n",
      "Found set:  [171, 122, 72, 271, 191, 261, 161, 273, 263, 173]\n",
      "with value  5.735772460467693\n",
      "With gap  0.23922491498403145\n",
      "in 8272.326264858246 seconds\n",
      "\n"
     ]
    }
   ],
   "source": [
    "print(\"Running test with Arrythmia data and k = 10\")\n",
    "# Numerical errors mean that when interpolating, more sampling points are necessary to avoid errors.\n",
    "test(arrythmia, 10, 7.53938, redund = 30)"
   ]
  },
  {
   "cell_type": "code",
   "execution_count": 105,
   "id": "neural-hydrogen",
   "metadata": {},
   "outputs": [
    {
     "name": "stdout",
     "output_type": "stream",
     "text": [
      "Running test with Arrythmia data and k = 5\n",
      "Found set:  [0, 206, 176, 166, 212]\n",
      "with value  3.6261694555215427\n",
      "With gap  0.14317491185899608\n",
      "in 0.05595827102661133 seconds\n",
      "\n"
     ]
    }
   ],
   "source": [
    "\n",
    "print(\"Running test with Arrythmia data and k = 5\")\n",
    "test(arrythmia, 5, 4.2321, method=easy_heuristic)"
   ]
  },
  {
   "cell_type": "code",
   "execution_count": 110,
   "id": "minute-defendant",
   "metadata": {},
   "outputs": [
    {
     "name": "stdout",
     "output_type": "stream",
     "text": [
      "Running test with Arrythmia data and k = 5\n",
      "Found set:  [0, 206, 176, 166, 212, 182, 213, 183, 172, 173]\n",
      "with value  7.06365571839418\n",
      "With gap  0.0630985945271123\n",
      "in 0.14673352241516113 seconds\n",
      "\n"
     ]
    }
   ],
   "source": [
    "print(\"Running test with Arrythmia data and k = 5\")\n",
    "test(arrythmia, 10, 7.53938, method=easy_heuristic)"
   ]
  },
  {
   "cell_type": "code",
   "execution_count": null,
   "id": "living-satin",
   "metadata": {},
   "outputs": [],
   "source": []
  }
 ],
 "metadata": {
  "kernelspec": {
   "display_name": "Python 3 (ipykernel)",
   "language": "python",
   "name": "python3"
  },
  "language_info": {
   "codemirror_mode": {
    "name": "ipython",
    "version": 3
   },
   "file_extension": ".py",
   "mimetype": "text/x-python",
   "name": "python",
   "nbconvert_exporter": "python",
   "pygments_lexer": "ipython3",
   "version": "3.10.7"
  }
 },
 "nbformat": 4,
 "nbformat_minor": 5
}
